       time(sec)         focus        45deg_astig      0deg_astig       y_coma          x_coma         y_trefoil       x_trefoil       spherical
       56200.000       0.0000000   1.1405488e-11   2.2596626e-11  -3.9186965e-12   1.6407880e-11  -1.1517776e-12   2.8319048e-12   3.5086998e-12
       57200.000       0.0000000   6.2198042e-12   2.1551346e-11  -3.2304756e-12   1.6646051e-11  -1.4949147e-12   8.8421067e-13   2.8381002e-12
       58200.000       0.0000000   3.5109387e-12   2.3882523e-11  -4.5895527e-12   1.7599797e-11  -1.5223598e-12   2.6787524e-12   1.4858534e-12
       59200.000       0.0000000   2.3872471e-12   2.3497095e-11  -4.3681291e-12   1.7743907e-11  -1.1323764e-12   2.5331369e-12   1.7777959e-12
       60200.000       0.0000000   1.0532935e-12   2.5370570e-11  -1.7156959e-12   1.6782038e-11  -1.3690813e-12   3.3650586e-13   1.3078809e-12
       61200.000       0.0000000   1.6946839e-12   2.7835918e-11  -4.3584290e-13   1.6967362e-11  -1.0535199e-12   1.9772422e-12  -3.3091094e-13
       62200.000       0.0000000   4.8691639e-13   2.8748014e-11  -2.5011740e-12   2.0263903e-11  -7.4862208e-13   2.3829677e-12  -1.3119303e-13
       63200.000       0.0000000  -1.1372129e-12   2.8438781e-11  -1.5519296e-12   2.0152213e-11  -8.2232420e-13   2.3950119e-12   4.4667354e-13
       64200.000       0.0000000   5.5874278e-15   2.6889302e-11  -1.4439922e-12   1.9546625e-11  -2.9582531e-14   2.0837778e-12   1.9568421e-13
       65200.000       0.0000000   5.8131522e-13   2.9553596e-11  -1.1831892e-12   1.8733928e-11  -2.5880743e-12   2.0434576e-12   5.2015309e-13
       66200.000       0.0000000   1.4272996e-12   3.0488414e-11  -5.0596479e-13   1.9267801e-11  -2.0237846e-12   1.4913393e-12  -1.7009801e-13
       67200.000       0.0000000   1.3863819e-12   3.1079483e-11  -8.2185945e-13   2.0020369e-11  -1.9430757e-12   1.6116245e-12  -2.7672268e-13
       68200.000       0.0000000   1.3454642e-12   3.1670552e-11  -1.1377541e-12   2.0772937e-11  -1.8623670e-12   1.7319096e-12  -3.8334738e-13
       69200.000       0.0000000   1.3045465e-12   3.2261624e-11  -1.4536487e-12   2.1525505e-11  -1.7816583e-12   1.8521948e-12  -4.8997205e-13
       70200.000       0.0000000   1.2636288e-12   3.2852693e-11  -1.7695434e-12   2.2278075e-11  -1.7009496e-12   1.9724801e-12  -5.9659672e-13
       71200.000       0.0000000   7.7852742e-13   3.3226925e-11  -1.3516359e-12   2.2159483e-11  -1.8392271e-12   2.1357161e-12  -5.4200042e-13
       72200.000       0.0000000   2.9342598e-13   3.3601157e-11  -9.3372846e-13   2.2040890e-11  -1.9775047e-12   2.2989520e-12  -4.8740417e-13
       73200.000       0.0000000  -1.9167545e-13   3.3975388e-11  -5.1582111e-13   2.1922299e-11  -2.1157822e-12   2.4621882e-12  -4.3280787e-13
       74200.000       0.0000000  -6.7677689e-13   3.4349620e-11  -9.7913682e-14   2.1803706e-11  -2.2540598e-12   2.6254242e-12  -3.7821160e-13
       75200.000       0.0000000  -2.3147242e-13   3.4815907e-11  -4.7097460e-13   2.2514957e-11  -2.2918813e-12   2.3957581e-12  -2.0006789e-13
       76200.000       0.0000000   2.1383206e-13   3.5282197e-11  -8.4403551e-13   2.3226209e-11  -2.3297031e-12   2.1660922e-12  -2.1924194e-14
       77200.000       0.0000000   6.5913654e-13   3.5748484e-11  -1.2170964e-12   2.3937461e-11  -2.3675248e-12   1.9364261e-12   1.5621951e-13
       78200.000       0.0000000   1.1044410e-12   3.6214771e-11  -1.5901573e-12   2.4648712e-11  -2.4053463e-12   1.7067602e-12   3.3436321e-13
       79200.000       0.0000000   9.0836480e-13   3.6252872e-11  -1.5105361e-12   2.4456836e-11  -2.3754967e-12   1.8053974e-12  -1.9828628e-13
       80200.000       0.0000000   7.1228863e-13   3.6290970e-11  -1.4309148e-12   2.4264960e-11  -2.3456473e-12   1.9040347e-12  -7.3093577e-13
       81200.000       0.0000000   5.1621251e-13   3.6329068e-11  -1.3512936e-12   2.4073084e-11  -2.3157977e-12   2.0026719e-12  -1.2635853e-12
       82200.000       0.0000000   3.2013631e-13   3.6367166e-11  -1.2716724e-12   2.3881208e-11  -2.2859481e-12   2.1013091e-12  -1.7962347e-12
       83200.000       0.0000000  -8.5998991e-14   3.6516103e-11  -1.5789233e-12   2.4528280e-11  -2.4496022e-12   1.8762635e-12  -1.6136525e-12
       84200.000       0.0000000  -4.9213433e-13   3.6665039e-11  -1.8861742e-12   2.5175353e-11  -2.6132562e-12   1.6512177e-12  -1.4310701e-12
       85200.000       0.0000000  -8.9826963e-13   3.6813975e-11  -2.1934251e-12   2.5822424e-11  -2.7769100e-12   1.4261720e-12  -1.2484879e-12
       86200.000       0.0000000  -1.3044049e-12   3.6962912e-11  -2.5006761e-12   2.6469497e-11  -2.9405640e-12   1.2011262e-12  -1.0659055e-12
       87200.000       0.0000000  -6.8615220e-13   3.7440454e-11  -1.7991853e-12   2.6480812e-11  -2.8144089e-12   1.6917844e-12  -9.3349959e-13
       88200.000       0.0000000  -6.7899469e-14   3.7917995e-11  -1.0976944e-12   2.6492128e-11  -2.6882539e-12   2.1824426e-12  -8.0109357e-13
       89200.000       0.0000000   5.5035327e-13   3.8395533e-11  -3.9620360e-13   2.6503444e-11  -2.5620988e-12   2.6731007e-12  -6.6868760e-13
       90200.000       0.0000000   1.1686060e-12   3.8873075e-11   3.0528721e-13   2.6514759e-11  -2.4359436e-12   3.1637590e-12  -5.3628163e-13
       91200.000       0.0000000   1.0286474e-12   3.8751096e-11   1.1419346e-13   2.6417516e-11  -2.6348956e-12   2.8334167e-12  -4.5278882e-13
       92200.000       0.0000000   8.8868886e-13   3.8629117e-11  -7.6900285e-14   2.6320272e-11  -2.8338475e-12   2.5030746e-12  -3.6929601e-13
       93200.000       0.0000000   7.4873034e-13   3.8507138e-11  -2.6799404e-13   2.6223029e-11  -3.0327995e-12   2.1727323e-12  -2.8580323e-13
       94200.000       0.0000000   6.0877177e-13   3.8385160e-11  -4.5908779e-13   2.6125786e-11  -3.2317517e-12   1.8423900e-12  -2.0231043e-13
       95200.000       0.0000000   4.2144668e-13   3.8752942e-11  -4.9349863e-13   2.6500011e-11  -2.9509370e-12   2.0371248e-12  -2.8765751e-13
       96200.000       0.0000000   2.3412159e-13   3.9120724e-11  -5.2790948e-13   2.6874234e-11  -2.6701226e-12   2.2318597e-12  -3.7300461e-13
       97200.000       0.0000000   4.6796470e-14   3.9488503e-11  -5.6232037e-13   2.7248457e-11  -2.3893082e-12   2.4265945e-12  -4.5835173e-13
       98200.000       0.0000000  -1.4052863e-13   3.9856285e-11  -5.9673121e-13   2.7622682e-11  -2.1084937e-12   2.6213294e-12  -5.4369882e-13
       99200.000       0.0000000  -2.1295171e-13   3.9620748e-11  -6.7214257e-13   2.7418975e-11  -1.9550060e-12   2.6413763e-12  -6.6866830e-13
       100200.00       0.0000000  -2.8537481e-13   3.9385207e-11  -7.4755393e-13   2.7215268e-11  -1.8015182e-12   2.6614232e-12  -7.9363772e-13
       101200.00       0.0000000  -3.5779788e-13   3.9149666e-11  -8.2296529e-13   2.7011563e-11  -1.6480306e-12   2.6814703e-12  -9.1860720e-13
       102200.00       0.0000000  -4.3022096e-13   3.8914129e-11  -8.9837664e-13   2.6807856e-11  -1.4945429e-12   2.7015172e-12  -1.0435767e-12
       103200.00       0.0000000   1.3984328e-13   3.9509136e-11  -1.1182075e-12   2.7183615e-11  -1.6672175e-12   2.4801688e-12  -1.1363763e-12
       104200.00       0.0000000   7.0990750e-13   4.0104142e-11  -1.3380384e-12   2.7559375e-11  -1.8398922e-12   2.2588205e-12  -1.2291759e-12
       105200.00       0.0000000   1.2799718e-12   4.0699149e-11  -1.5578693e-12   2.7935133e-11  -2.0125665e-12   2.0374722e-12  -1.3219755e-12
